11001111101001011100100001111010010100111011101110010101111010111111111000000110000100010011100010111001111110100100100110010101
01001001111101010011001100111001111001110010010110000111010010000011011101100000010011110000100010111100000110100001011100011010
11010100100110001001110010001001001101101110011111101001001011110011111100100011001110000010011010100111110010110001010000110100
11111111110111000100000101011111011100100111101101010010010110010001101100010100110010100011011000110110111001100110110101110001
11000011110010100110101010110010100010001010100110000111100100010100010011011001101011010110100101001111101001010101011100000010
11111110011000101110110010000000010000001001101111101111010010101010100101110011110111010000110110100101000000101001110110111110
00111101111000101011100110011111101110000000110000010000111110010010011001010011100000111111011101101010001111100101001110100010
10100111101111011001111001010100011100100111100100000011111100010011111110010100010000010101110111000011110110110010010110100011
01010010110001000000100100000110101011110100101010011010100001100111001100110111011100010011010100000101110000110000110010101010
00011110100010011101011000110001101010111011010001000001111100011100011110101100101111101000000110100000011010100011000001110001
01101101111111001000111011111000100000110111000101110101101110001100010111000111000000000110001101001100111111100010101000100001
00110000111111000010011010110001110110111011101011000110111010100111110110111100110010001110000100010110000010010111110010011101
10011101110101010010111111111101001100001101100010111001111000011000011000000101011110100000001111110100000111011111100011000001
10110010010011111010011010111100011001111101110010111100111100110101011100000001001011101100011000000100101100101010010110111110
00101101110101001001010000011011001111000100110100110101101110111101000010001011001110000011111101111110001011101111011101110010
10111010101011011101010101110110110100001110010110011110000001011010100101001110010101111000101010101101000011100001011010010101
01010001000111110100001101100010100011011111111100011110110000110001001110101110001010001010110011011010111101100100011110010010
01011101011110100010000000001010101000000101011111010000110000100010100100111000110101100001111010100111110001110111001100100010
11000110010000110011110000110001001100011000010001000111110011111001100111010101110001011100000101101101100110100100000101001011
00010111101110010000110110111011100000001010010001001001001001011111000101011001110111111010100111001000011010011011110110010010
11110110010011111000010101011111001110101110110110101010100111100000001100010001010101000000011100000110011110000001010110101010
10101101000110010011100011000111010100000101100111111000110001000001111101100100001111111001000001000000001001101010100101100101
00110101111010000111100010001010000011111110101101101101111111110000100010101110011110001010110101001000000111001011100011000110
10010001111100111001111001111110010011000001111100100000100101010001111000110001101001110001000101010111111010100111101000111010
11111000110110001011110110001011010111011111000001100010111001100011011001001100010100110000011011111000110001010111111001010011
00111001011110101111100000110100111110001011110011010011011110100001001101001010101000100000011000101010011001010111111010101110
00010101010010101011101101011110100000100011101110000010011000110110100100010010100000001000111100100100010011000011110011000010
01100110110010110101010110101101011011100100010111011001000110101110001111110001101001110110010100101011101100011111001000000101
11011000001010110011101001101110000111110100001011110010011001100111110001001110111100000100000011101100111011001110111000000010
00101110111101101010001000111101111101110010010010000111001111101010010100101111110111001000111001101111011001101111000000001100
01001111000011010000100100110000011001010110001001011110000110000110110000010101111001010001001111100010011110011000011110101001
01110110010100010010000100110110110010000101111100001011111101000010101111001001001101010100110010011101111011010001111010101101
11001000101100011100110110010100100110101010100101000001011011101011111111110011101000000000100010000111110110000111101011111101
00000111111000011011010010001010011110111101111000100101000010110011001010110010110110011101110011010011100101101110000101110010
01111111111101101101100010011010101010001001100000101001000001001101011101011001011010111000101000111111011110100100110110110001
00010001110011110001100010000001111000011100100110111011001100110101011011111111110100011001010010010010100010101110101111111000
01011010110101010101000111110011100100001101011001100100111011101110011111110011000111010000011011001100100011010111100111010110
10100011000001010001010000101011100011101101010001010101111011110010110001010101010111110000001100110110110010010001100010111011
11100110110001001011000010010000110110001000100010001010000010100001101101101111101100110011001110110101010010010100011110011101
00110111011100110100001010011001001110001101101111111001011011101000110001001111011100101110101100011001100101010001000100101100
01010111010000110110000101111111001101011010110101100011111010111100101010110100101000000100101011111010001011110100010000011111
00000110010101011111111100001110100111111001110010010111110101000110100110100011100001000110000101111010100110011110100111000111
11010111000100000011110000110110101011110010110011010010000101000001011000110000111110100010010001110101001000010010001100000111
11100010101011111011100110110101010111101000001010101100111101001011001011010111111111101001001010101000011000000111000101110101
01110000011001000011001100101011100000011100010000101100000011101000100011010101001000000010111110101101001000011110100001011101
11000011101100011110000000000010011110011101011110111001001001000011000001001111010101011111001110011010010011101101000001111110
11100111100100111011100000000110010010110000010110111000110110110000100110011100011001000101000010011011100100111001100111010111
11001001010011110011001010001011000000010000011011001000111010010000001010111100101011110010011100101001000101100011010100100101
11111011011100010001010011011000011100000010111110000011000000101111010010100001110000100000101000011000000010011111001111100111
00011001100010111100111100101101111111111010110011101011100100001111011010001110001100100011110110001000101101111110000011110000
00001101111101010101111000111010101001101001001011110110111011000000010100010000101110001011101110010011110111000110010010001111
00111111001011110010111101011111000101100101110011000011100101100110101110001100010101110010100100000111111101111100101011011100
01010011001011010110101011100001101101100100010011100001010010010000011010001111110010110011101000101010111011001001101110001010
11001001101101111001000111100100101011101010001000100100011111110101101001010100011101010001011011110111101010000000100101100111
01111101010001000011000000000011101010101000011100010101110110011001111110110100101110110110000110010011100110110100100101011011
00100100100001101100000000000010000100000001101101011011111111010101110001010110110000110000000110000000010001001000000001000001
11111001011100011010111001001111111100010011011110011100011101100001110100100111001001110101010101111001110001101101011101100101
10011011011101111101000000011000101010101010101010010110000001101001100010101110010111101111001101101110101011110011110111010011
00110001001110100101111010000110111111010001101101001101111110110110001100110100000100101000101001000001101100010001000010101100
01110001001000001100101111111000110110101010111000000011010110011000011101101011001100110110101011110010010001111010100011100100
00010111000011100101011011101101100000011100111000011101001101000111101010110101101111100111101011011001010100111001110011011001
11000110001001110000111000110100001101001110010101100111010111011011011101010111101011010100001001101011110000111010111100111000
11011001111001111101111110100011110110000110110010000110011100100001101110100011010000111001000010000000000010001010000101000000
10110111011101010010100000001101011100111011011110101100110001011100011101101000110001011101100000001110110001101110110111011101
01010011001111000011010010101001010010100101011100111001100111000100000110000010010100100111000011011110001001001000011111010110
01100111001010010111001011000011111011101011001111100100011010111110100111100110001010000000001010100011011110001100000100010010
00101011001010011111101100101001001000111110100001110100000001001010100100100001101110010000110110000101011100001101011001110100
10001011000000101111001101100001001011010111011000000100011011001111011000100111111110001110100001011101011010011111000100101100
10011000110100100100111010101000011110010111011011010110001001111101110000100011011111011101001001110100000000001010101011011100
00100001000010010000001111011111001011011010001010110101101101000000000110010101011110110101010000010001101100100010101101001001
10001001010001100000010100110010000001011011101100110111001000001101000000011011001010011010000101110000001011101001111111010011
11100111110000101001001011001110011111110000001100001100001011011001100111010010011111010011110011000011100100101100001010111101
10010011110011100001010100010000101110011011110010101111100001101001111000011010001010010111011010101100111000000100111110101100
10000010110100111100101101001001010000110010011010101111010110001010001011101101111001010110110111111000011101111100001111001010
10001110100010100101001110101101000111010100010010011001010001110011000110011011011101111111111011101000101010000101011001001000
00001011001011000001100100111000010010011010001101000011101011110000010100101101010111101010111101010110010100111011101101100111
01000111110111000101100100110010100101111011010111000110111111001010001011110001000001000010010100100101110011101110101110011010
10111010111101111110101101000011011110111000100010011010010001101010011001110010101001011001010100010000100111011101111101111100
01100100101101101111110001000010100110001111011111101100011110111010101110011111011001101011101011101101110110111101000010011010
11000100010001111111101000110011001100111000011111010001110010011101111110011000101011101100101101100111100001000001010000110011
10010011010010111111110101011110000110010100101010100101000010001010101000010111000001100101001001100001001111000111111001001111
01001010100111011010101010111011110111110100111110100101111010001111110001011010101001110111000010100111001111100011010111000110
11001010110101100100000000000000110000011000110010000100100011100111101011000010110110111110011110101111110110101110001100001001
00000101001011110100100101011110100011100101100011001111110000101111100000110001011111000111111111111110010111111011100000110101
01010110011001100000100010000100010001111011000001111100001010110111000110011111100110101001110000111010111101010110100101010010
11000100000101011000101010011101001110110001111101001010111100110100101101010110000011100111111111100101011000011000110000111111
10110010111101101011000110010000001010011100100001000001100111111010000000101010111100010100100010011100001001110101111010001100
10011101110101000100011011001100110010110110101000011000010010001000100001111110100011011010000111001000100111100101110011100010
00001101111010110001011111011110011000001111010101101011111001110110101001110000111001100001000101000000111011111101100010101100
10010111010111110111011011000111000111011011100001011101011111000100100101001111000000000101110000100001001011100000001110101011
10100111111011100011011110111000000100001011110011010000100100100100011000010011010000000011110101001011010100110100101001010010
00010010110000100110000110110100001111000101101010110001100100010011101010011001111110010111111110011001000100110111011010011010
00010000000100001011101001101111001110010010001000111000111001101011111000100000010010110111100100110010001010011110110001001011
11001000100111011111010010000100101100111100101011101110001101100101101010111110101101011010101011011101001111000000001010011100
11001101011000111001011011000011101100010000111001001011110111011110110011111100111100011010011101000100010001110101001011000101
01101000000100101111101001001001101111000010100110111110010010001001001001110001010000111001000101011101101111101001100011100000
01001001010111001101001110110001111010001101100010010110101011000001001000100111101101001110111111100001101100000001111101011101
11100111001010101010000100111000100011101011000110001101110001011000101001101000011101101001101101011010100010100000100111110101
01000000110101110101010001100100001101110111011010100110010000111111101010100111110011100001100111111111100001000011011111000101
00001100101010111011100000011011100101110001011010110111010000000011001111000110111000110010011011011111010001001011010101101100
11111000100110000000010111011111100000010111010101000110111111100100001011101101111000010001100101110011110101110101010001010001
01001001010101100010100110110100011010001000100010010100110110111110011101110101000000101111100100100100101011010000001111001110
11110100101011110000100010001111010000110101011101110100111111101000101100101010101100000001000101111101110111101010010101000100
01110100110100011110010101010111111001011110110010011100111010011110010110011111110100100110110000000111000000011111011101011110
11011111100011100101110110111101001110010100011110110010111111100011101111010011001101010110111001111001101101001011110101000000
00110000110010010010101100101010110011011100011010100110010101111001100110010110001010011100101110100001010101011000110010010111
11100011111011101110110000010100101010010101101010010100100101000110001101010011111111001101110110000001001110001010101000000100
01000100010110100000010111110001111110100010110101111110000110001011101001111101001000110010110101110011011010010001101010010010
10011111000100011110001010110111101110100000111000101000000001011000000011010111111100001110100001111010010110110100010101101001
00011010100101100101000101110110111100000100000110000001011011010010011010100101001110000000111001100000111100011101010000000110
11101010111001011101011101111011001000011100001111110111011011111110110000000101111010110011010000101110010011111100101001000100
11011001010011101001010111100101110101000100000100110010110011101000111111010000111000101011100111011000010000111100101111011010
01011001010000000100001111111011011001111010111100101011110101000010101110110011001100100010101100101100110110011110100000001010
01001100010000110111111011100111111000101000001011110011010100101111011101011100001111100011000000110011001111001001001101101110
10101111100100110101000111011001100110101010000000100010000010101100001100100001010011110100110000100010100111101101000000101011
11001101100100110110011001011000001101101100110011100101100111001000000111110001011110110101100101011011101110010011101001101001
11011100010110011100101111101000001111101010000100011010000111100001100000010011011110010011001011011011101101010111111001101101
10011001111111010110010011011100111010100000011101111111101010001100110010001101111010011010011011001000011011111000001111001100
00010000011001000111010001101110100101110101000000100110100101101001000100100101100010101011110001010110010001111101011001011100
01101101001010000110010111111100010100110100110111001111101101100001100101101001101110000111001100101000010000111010101111000000
00000111011100111100011011110001110010001000010000100011100010010111100110010000110011111010101110010110101010101111011011100010
01000100111010101000011000110011110101001001101100111010101010100110010000011001110111001100111010001101111000010100010010000011
01011101100011001111110010011111011110001011110010110000010001001001010110010001101010111111100110100101111100011100001101000011
01011011111110101010000101011000001011111001101100000100000111101011000010110100100100100011111110100100010111100001010110110000
11101110100000010001100101010011100111111011001001110011000010011000111100111000110100101110011100001110101101111001010111011100
11011000110110100101100010011011001100000010101001000100011111111100110001011111111001110111000110100111100000111111100100111000
10110101100010001010100010100000101110101010110110111111111011110011101100101000110101111000011011010000000000010001011111110110
00010001101000010000111001001110000001001001010011101000110111111110101100010110101110001011000111001010101100001110000100111000
